# oST version 5.0 parameters


[image]

width
640

height
480

[narrow_stereo]

camera matrix
609.883663 0.000000 316.239094
0.000000 610.134724 233.026148
0.000000 0.000000 1.000000

distortion
0.080178 -0.147763 -0.004142 -0.001313 0.000000

rectification
1.000000 0.000000 0.000000
0.000000 1.000000 0.000000
0.000000 0.000000 1.000000

projection
617.408508 0.000000 315.495035 0.000000
0.000000 617.228088 231.541452 0.000000
0.000000 0.000000 1.000000 0.000000

