image_width: 640
image_height: 480
camera_name: narrow_stereo
camera_matrix:
  rows: 3
  cols: 3
  data: [609.883663, 0.000000, 316.239094, 0.000000, 610.134724, 233.026148, 0.000000, 0.000000, 1.000000]
distortion_model: plumb_bob
distortion_coefficients:
  rows: 1
  cols: 5
  data: [0.080178, -0.147763, -0.004142, -0.001313, 0.000000]
rectification_matrix:
  rows: 3
  cols: 3
  data: [1.000000, 0.000000, 0.000000, 0.000000, 1.000000, 0.000000, 0.000000, 0.000000, 1.000000]
projection_matrix:
  rows: 3
  cols: 4
  data: [617.408508, 0.000000, 315.495035, 0.000000, 0.000000, 617.228088, 231.541452, 0.000000, 0.000000, 0.000000, 1.000000, 0.000000]
